20
n01613177_110.JPEG 0.005574 0.004080 0.001263 0.001938 0.004900 0.003041 0.001199 0.001933 0.002942 0.003211 0.000655 0.003317 0.003183 0.004068 0.000436 0.002187 0.009650 0.006797 0.001595 0.002817 0.007452 0.005053 0.001486 0.003026 0.005100 0.005345 0.000833 0.005388 0.005747 0.006378 0.000660 0.003326 0.019606 0.013962 0.002550 0.005350 0.014276 0.010581 0.002247 0.006049 0.010713 0.011206 0.001387 0.011043 0.012330 0.012733 0.001314 0.006439 0.037710 0.024093 0.007299 0.012703 0.030943 0.022057 0.005676 0.014699 0.021922 0.024447 0.002775 0.025188 0.027080 0.030557 0.003591 0.015494
n01613177_69.JPEG 0.004062 0.006691 0.003937 0.004746 0.003741 0.006486 0.004040 0.003758 0.003496 0.005991 0.003808 0.004607 0.003749 0.005010 0.003630 0.004974 0.006704 0.011920 0.006371 0.007900 0.005825 0.010570 0.006177 0.006336 0.005658 0.010143 0.006267 0.007919 0.005839 0.008727 0.005802 0.007654 0.014272 0.025040 0.013399 0.016598 0.011843 0.021292 0.012405 0.013381 0.011817 0.021526 0.013290 0.017168 0.011794 0.018557 0.011927 0.015085 0.031629 0.052863 0.029515 0.033930 0.028151 0.048183 0.030411 0.030511 0.025412 0.039731 0.031239 0.034484 0.027933 0.040900 0.028756 0.034575
n01923025_2332.JPEG 0.003265 0.007017 0.004631 0.004266 0.003593 0.003803 0.006400 0.002031 0.004680 0.004691 0.010239 0.002592 0.002975 0.007834 0.005333 0.003040 0.004481 0.011192 0.007380 0.005791 0.005216 0.006984 0.009625 0.003063 0.007495 0.008321 0.016855 0.004000 0.004513 0.011098 0.008767 0.004207 0.007897 0.023059 0.014913 0.010311 0.009789 0.015892 0.018927 0.006164 0.015800 0.019092 0.036031 0.008160 0.008904 0.020809 0.018358 0.007585 0.015619 0.041385 0.029442 0.018985 0.021568 0.033462 0.034571 0.013514 0.029522 0.035245 0.057056 0.017900 0.018193 0.045257 0.035274 0.016955
n01923025_5034.JPEG 0.005914 0.005173 0.004351 0.004915 0.004635 0.004947 0.005387 0.005683 0.005070 0.005189 0.007001 0.005504 0.004532 0.004631 0.004443 0.005596 0.009172 0.008202 0.007368 0.008056 0.007025 0.007396 0.008179 0.008737 0.008037 0.008007 0.010702 0.008624 0.006775 0.007220 0.007227 0.008785 0.017965 0.016839 0.015906 0.016854 0.013643 0.014684 0.016104 0.017848 0.016704 0.016650 0.020405 0.017712 0.012880 0.014865 0.015192 0.018146 0.036495 0.037272 0.036149 0.038103 0.029997 0.034045 0.037975 0.042425 0.034619 0.035546 0.045495 0.037707 0.027664 0.036054 0.035510 0.044370
n02278980_1260.JPEG 0.007283 0.008052 0.005574 0.007321 0.006845 0.007932 0.006023 0.006868 0.006180 0.006794 0.008934 0.008492 0.004881 0.006520 0.007167 0.009612 0.011954 0.013151 0.009554 0.012288 0.010627 0.012348 0.009923 0.011522 0.010161 0.011597 0.014745 0.014331 0.008497 0.011097 0.011470 0.014865 0.024909 0.027180 0.019550 0.026218 0.021618 0.025176 0.020363 0.024766 0.021546 0.025402 0.030369 0.030860 0.018779 0.023894 0.023003 0.029760 0.055880 0.055636 0.040626 0.051557 0.050109 0.058119 0.045917 0.055699 0.046620 0.053014 0.059353 0.064853 0.042432 0.054616 0.052486 0.069064
n02278980_3608.JPEG 0.007488 0.010371 0.008825 0.009266 0.005710 0.007942 0.009693 0.007365 0.008460 0.007469 0.009535 0.006645 0.008295 0.007974 0.008362 0.007027 0.012831 0.017498 0.015099 0.015049 0.010292 0.013088 0.015926 0.011701 0.014451 0.013059 0.016387 0.011227 0.012992 0.012707 0.013581 0.011315 0.026879 0.036905 0.032548 0.031689 0.022629 0.027351 0.033514 0.024022 0.031187 0.029016 0.035609 0.024607 0.026273 0.026020 0.028386 0.023716 0.056560 0.077237 0.066206 0.062028 0.051105 0.062013 0.081100 0.053034 0.066654 0.062539 0.072484 0.053289 0.062149 0.056242 0.060762 0.054085
n03767203_202.JPEG 0.007957 0.007970 0.007329 0.006347 0.004746 0.007432 0.007553 0.006062 0.005862 0.009525 0.006249 0.006371 0.008978 0.007936 0.005893 0.005642 0.013021 0.013563 0.012118 0.009904 0.008362 0.012193 0.011278 0.009496 0.009808 0.016479 0.010021 0.010412 0.012897 0.012478 0.009466 0.009047 0.027605 0.029118 0.025777 0.020045 0.018357 0.025470 0.021879 0.019332 0.021308 0.035023 0.021446 0.021647 0.024074 0.025445 0.020039 0.018698 0.052364 0.052165 0.057637 0.044704 0.039503 0.057408 0.049504 0.046266 0.043246 0.076333 0.044273 0.048285 0.054428 0.055615 0.047119 0.044699
n03767203_4689.JPEG 0.003952 0.007536 0.004643 0.007022 0.003768 0.007087 0.004478 0.005175 0.004724 0.010412 0.005609 0.006156 0.003948 0.008408 0.004811 0.006119 0.006033 0.012633 0.007007 0.011313 0.005829 0.012094 0.006951 0.008467 0.007544 0.018181 0.009354 0.010219 0.005959 0.013724 0.007462 0.009447 0.011812 0.026464 0.013914 0.023222 0.011608 0.025999 0.014091 0.017332 0.015613 0.039349 0.020244 0.021073 0.011660 0.028469 0.015172 0.018801 0.026190 0.054357 0.029295 0.046158 0.027551 0.058885 0.032833 0.038725 0.036706 0.088520 0.046704 0.049085 0.027681 0.066249 0.036334 0.042690
n03877845_2028.JPEG 0.007577 0.005372 0.005039 0.004154 0.006344 0.005710 0.004992 0.005370 0.005865 0.009593 0.004142 0.007682 0.006664 0.006278 0.003646 0.004818 0.012427 0.008926 0.008222 0.006811 0.010066 0.009304 0.007859 0.008414 0.009641 0.015472 0.006973 0.011735 0.010616 0.009807 0.006179 0.007718 0.025755 0.018241 0.017384 0.014352 0.020651 0.019014 0.016206 0.017182 0.020438 0.031893 0.015066 0.023386 0.021646 0.019454 0.013681 0.016061 0.055303 0.041838 0.038485 0.031103 0.049035 0.043554 0.039775 0.041024 0.046887 0.068801 0.034509 0.050796 0.051673 0.044506 0.032205 0.037782
n03877845_4263.JPEG 0.005910 0.007998 0.004584 0.005622 0.008004 0.007077 0.003152 0.006277 0.008021 0.008430 0.002265 0.006513 0.004977 0.005871 0.002862 0.004764 0.009415 0.012685 0.006923 0.008702 0.012265 0.011119 0.004696 0.009706 0.013130 0.013426 0.003741 0.011183 0.008743 0.009775 0.004462 0.007928 0.019009 0.025096 0.013753 0.017808 0.024494 0.022182 0.009329 0.019783 0.027692 0.027104 0.008045 0.024548 0.019531 0.020722 0.009132 0.017332 0.041766 0.055583 0.032892 0.041137 0.060492 0.052004 0.022243 0.046950 0.060391 0.059142 0.018481 0.054407 0.044707 0.048230 0.021888 0.040585
n04515003_15899.JPEG 0.007275 0.004197 0.008290 0.007956 0.006882 0.004934 0.006412 0.004517 0.008775 0.005085 0.005337 0.003227 0.006753 0.003443 0.005647 0.004077 0.011989 0.006708 0.013371 0.012688 0.011180 0.007534 0.009901 0.006980 0.014316 0.008237 0.008957 0.005010 0.010842 0.005794 0.009107 0.006605 0.025246 0.014075 0.028031 0.026291 0.023316 0.015165 0.019819 0.014129 0.029575 0.017575 0.019128 0.010165 0.022346 0.012686 0.018988 0.013770 0.053854 0.030650 0.062394 0.054902 0.055363 0.036149 0.046798 0.031293 0.064801 0.038886 0.044218 0.022054 0.051504 0.028507 0.044558 0.030378
n04515003_4279.JPEG 0.006226 0.005281 0.003476 0.004819 0.005927 0.005675 0.005278 0.004538 0.011842 0.008352 0.010011 0.006848 0.006093 0.005588 0.005185 0.003696 0.009218 0.008546 0.005226 0.007180 0.009867 0.008647 0.008346 0.006679 0.020117 0.013035 0.016696 0.010395 0.010025 0.008622 0.008333 0.005788 0.016800 0.017239 0.010335 0.013594 0.020473 0.016714 0.017137 0.012295 0.043538 0.026593 0.036111 0.020170 0.020773 0.016965 0.017287 0.011466 0.035542 0.038153 0.021008 0.030586 0.042414 0.038744 0.035860 0.028166 0.088792 0.060656 0.075316 0.045903 0.043567 0.039923 0.036010 0.026319
n04583620_2611.JPEG 0.004006 0.002926 0.003217 0.007600 0.004642 0.005127 0.004348 0.009526 0.005943 0.007304 0.005408 0.013369 0.003542 0.004477 0.003275 0.007764 0.006591 0.004724 0.004760 0.012990 0.006891 0.008154 0.006312 0.015480 0.008834 0.011634 0.008258 0.022967 0.005622 0.007129 0.005073 0.013505 0.013967 0.009934 0.009087 0.027152 0.013188 0.016908 0.011849 0.031275 0.017304 0.024049 0.016860 0.048565 0.011719 0.015010 0.010257 0.029059 0.028042 0.021716 0.019214 0.054892 0.028997 0.041871 0.027755 0.069133 0.036990 0.054863 0.036714 0.105285 0.025769 0.036443 0.023466 0.064650
n04583620_5027.JPEG 0.002778 0.001890 0.002608 0.002438 0.006527 0.002791 0.002909 0.002609 0.009108 0.004396 0.006017 0.004728 0.004308 0.002479 0.004490 0.003279 0.004719 0.003134 0.004009 0.003895 0.010131 0.004343 0.004960 0.004199 0.015034 0.006787 0.009515 0.007492 0.007342 0.003831 0.006678 0.004891 0.009865 0.006652 0.008131 0.008226 0.019904 0.008848 0.010810 0.008803 0.030362 0.013798 0.019325 0.015694 0.015182 0.007944 0.012853 0.009574 0.018815 0.015113 0.017235 0.017586 0.045224 0.021469 0.025903 0.019978 0.059234 0.032126 0.045563 0.034195 0.030771 0.018768 0.031432 0.022202
n07897438_2936.JPEG 0.015141 0.012845 0.015531 0.014304 0.008387 0.008849 0.008116 0.009189 0.007889 0.014295 0.007959 0.010686 0.009325 0.009237 0.009296 0.009445 0.026371 0.022838 0.027687 0.025102 0.014831 0.015845 0.014544 0.015893 0.013065 0.024303 0.013111 0.018215 0.015788 0.016419 0.015911 0.016248 0.056074 0.049334 0.060101 0.053381 0.032177 0.033951 0.031585 0.033476 0.027190 0.052259 0.026968 0.039551 0.033293 0.035324 0.033927 0.034221 0.131764 0.114725 0.140004 0.128102 0.076784 0.074479 0.074459 0.076655 0.061416 0.098458 0.060470 0.074256 0.081070 0.079325 0.081445 0.080290
n07897438_611.JPEG 0.008842 0.006782 0.003523 0.004607 0.005815 0.006305 0.003300 0.004251 0.005173 0.008647 0.003223 0.006549 0.006183 0.005825 0.002030 0.004054 0.014781 0.011024 0.005239 0.006769 0.009333 0.009970 0.004562 0.006514 0.008121 0.014351 0.004474 0.010133 0.009874 0.009497 0.003232 0.006201 0.030999 0.023381 0.010253 0.012857 0.018635 0.020007 0.008146 0.012781 0.015041 0.029478 0.007869 0.020196 0.019507 0.019625 0.006592 0.012049 0.064680 0.050292 0.023616 0.028551 0.041278 0.045997 0.019726 0.029410 0.027636 0.068342 0.017862 0.044972 0.043022 0.044923 0.015879 0.026907
n10247358_53457.JPEG 0.004123 0.004803 0.005355 0.003126 0.003195 0.003451 0.002980 0.002719 0.002784 0.003326 0.002633 0.003221 0.002972 0.003890 0.003620 0.002991 0.006623 0.008016 0.008410 0.005053 0.004748 0.005464 0.004791 0.004310 0.004171 0.005186 0.004123 0.005099 0.004488 0.005933 0.005513 0.004589 0.013673 0.016759 0.017019 0.010535 0.009220 0.011075 0.009839 0.008803 0.008482 0.010276 0.008531 0.010719 0.008875 0.011584 0.010780 0.009288 0.030183 0.035122 0.039245 0.024878 0.020482 0.024787 0.023669 0.020950 0.016563 0.020542 0.018314 0.023028 0.019478 0.025764 0.025646 0.022440
n10247358_7062.JPEG 0.006356 0.008817 0.006949 0.013135 0.005401 0.005872 0.005898 0.006834 0.006412 0.004954 0.006942 0.005581 0.005697 0.005124 0.006627 0.007990 0.010193 0.013834 0.011353 0.021189 0.008581 0.008976 0.009447 0.011255 0.010278 0.007844 0.010602 0.008688 0.009025 0.008192 0.009933 0.012398 0.020641 0.029183 0.023618 0.042983 0.017843 0.018135 0.019536 0.023402 0.021512 0.016905 0.021791 0.017576 0.018445 0.017176 0.019576 0.024228 0.048580 0.065797 0.051101 0.089611 0.043273 0.043063 0.046219 0.052799 0.048052 0.034424 0.045521 0.035265 0.045619 0.039936 0.043538 0.053425
n11669921_3375.JPEG 0.007636 0.009904 0.008449 0.007592 0.007082 0.009669 0.007080 0.007128 0.007879 0.010770 0.008054 0.006576 0.007899 0.009072 0.007569 0.007796 0.012750 0.017318 0.014160 0.012867 0.011859 0.015355 0.011813 0.011470 0.013067 0.018168 0.013240 0.010658 0.012762 0.014850 0.012225 0.012452 0.027033 0.037703 0.029969 0.027322 0.025829 0.031028 0.025194 0.024001 0.028064 0.037966 0.027809 0.021705 0.027003 0.030880 0.025457 0.025699 0.060766 0.079932 0.067810 0.065474 0.062014 0.070056 0.060313 0.058682 0.062743 0.085553 0.063068 0.048729 0.065030 0.070795 0.061130 0.064715
n11669921_8695.JPEG 0.001757 0.005969 0.002786 0.007771 0.003572 0.006049 0.004230 0.006694 0.008041 0.006558 0.006678 0.007252 0.003517 0.005859 0.003665 0.006233 0.002776 0.009883 0.004381 0.012433 0.005729 0.009660 0.006785 0.011325 0.012896 0.010619 0.010737 0.012300 0.005655 0.009734 0.006031 0.010442 0.005564 0.020576 0.008867 0.025200 0.011746 0.020212 0.014240 0.024470 0.026466 0.022536 0.023156 0.026731 0.011600 0.020990 0.012949 0.022536 0.012696 0.048492 0.019470 0.052761 0.025414 0.048788 0.034103 0.060626 0.054670 0.053629 0.050681 0.062185 0.024741 0.052521 0.029251 0.052678
