20
n01613177_110.JPEG 0.012676 0.023275 0.011292 0.000004 0.004737 0.009902 0.005608 0.000440 0.000001 0.000038 0.000086 0.000059 0.000011 0.000000 0.000000 0.000039 0.000121 0.000127 0.000044 0.000034 0.004968 0.010493 0.006220 0.000661 0.000042 0.000823 0.002403 0.002505 0.000883 0.000000 0.000004 0.000007 0.000004 0.000000 0.000000 0.000015 0.000273 0.000501 0.000245 0.000002 0.000882 0.003027 0.195388 0.385216 0.191975 0.000004 0.030795 0.061580 0.030788 0.000000 0.000000 0.000017 0.000057 0.000063 0.000023 0.000005 0.000133 0.000373 0.000370 0.000124 0.000003 0.000096 0.000273 0.000269
n01613177_69.JPEG 0.048188 0.024164 0.000047 0.012286 0.024802 0.012744 0.000229 0.007217 0.014753 0.007856 0.000320 0.000046 0.000137 0.000137 0.000046 0.000822 0.001644 0.000822 0.000000 0.015712 0.035444 0.023797 0.004111 0.056774 0.137344 0.104686 0.024253 0.011830 0.032429 0.030602 0.010505 0.000685 0.000000 0.000000 0.000000 0.001142 0.003837 0.004248 0.001553 0.007171 0.037271 0.056408 0.029706 0.009673 0.032538 0.055403 0.038461 0.009506 0.000186 0.000000 0.000000 0.000320 0.000639 0.000320 0.000000 0.001005 0.004567 0.006760 0.003837 0.000959 0.002603 0.011784 0.020736 0.014936
n01923025_2332.JPEG 0.053805 0.027833 0.000620 0.000128 0.000364 0.000342 0.000107 0.000000 0.000000 0.000000 0.000000 0.000000 0.000000 0.000000 0.000000 0.006604 0.014149 0.008486 0.000941 0.009395 0.038442 0.048794 0.019844 0.000097 0.000050 0.000113 0.000080 0.000016 0.000000 0.000000 0.000000 0.000016 0.000032 0.000016 0.000000 0.000267 0.003561 0.006572 0.003529 0.000540 0.002872 0.019588 0.032731 0.016743 0.001016 0.000033 0.000273 0.000449 0.000209 0.000000 0.000000 0.000000 0.000000 0.000000 0.000000 0.000000 0.000000 0.000615 0.001743 0.001642 0.000513 0.000112 0.225683 0.451030
n01923025_5034.JPEG 0.028851 0.014426 0.000000 0.000529 0.001058 0.000529 0.000000 0.000000 0.000000 0.000000 0.000000 0.000000 0.000000 0.000000 0.000000 0.014522 0.029043 0.014522 0.000000 0.032916 0.065871 0.032992 0.000038 0.000184 0.000382 0.000214 0.000019 0.000003 0.000000 0.000000 0.000000 0.001254 0.002508 0.001254 0.000000 0.043622 0.087326 0.043787 0.000083 0.039298 0.079029 0.040248 0.000602 0.000091 0.000012 0.000016 0.000018 0.000011 0.000004 0.000001 0.000000 0.001338 0.002680 0.001346 0.000004 0.060423 0.121485 0.061813 0.000862 0.042727 0.085862 0.044133 0.001367 0.000701
n02278980_1260.JPEG 0.146541 0.087221 0.015456 0.004677 0.000097 0.000055 0.000017 0.000004 0.000001 0.000000 0.000000 0.000000 0.000000 0.000000 0.000000 0.021727 0.044620 0.024379 0.001814 0.023171 0.060188 0.052327 0.015482 0.000525 0.000048 0.000049 0.000027 0.000002 0.000000 0.000000 0.000000 0.000168 0.000336 0.000168 0.000000 0.003519 0.024965 0.039505 0.018203 0.000294 0.047243 0.136999 0.132992 0.043219 0.000134 0.000003 0.000007 0.000005 0.000001 0.000000 0.000000 0.000279 0.000564 0.000289 0.000005 0.000098 0.000909 0.006629 0.010990 0.005239 0.000074 0.001907 0.010842 0.015989
n02278980_3608.JPEG 0.178528 0.098902 0.006426 0.009218 0.034949 0.042248 0.016518 0.000003 0.009452 0.019235 0.010120 0.000336 0.000000 0.000000 0.000000 0.004022 0.012322 0.012965 0.005052 0.009732 0.026421 0.026494 0.011104 0.001772 0.016709 0.046909 0.044035 0.013749 0.000003 0.000246 0.000483 0.000250 0.000020 0.000010 0.000000 0.001438 0.003359 0.002728 0.001131 0.000936 0.006036 0.016487 0.017564 0.006753 0.000253 0.031771 0.064267 0.033229 0.000731 0.000000 0.000000 0.000198 0.000397 0.000198 0.000000 0.000025 0.000101 0.000390 0.000749 0.000607 0.000172 0.002088 0.052142 0.098019
n03767203_202.JPEG 0.181263 0.094671 0.002693 0.005466 0.013452 0.010505 0.002520 0.000000 0.000000 0.000000 0.000000 0.000000 0.000000 0.000000 0.000000 0.004617 0.010502 0.007154 0.001268 0.008476 0.062282 0.105527 0.058110 0.006862 0.003240 0.005742 0.003656 0.000681 0.000000 0.000000 0.000000 0.000000 0.000000 0.000000 0.000000 0.000014 0.005608 0.013360 0.009954 0.002285 0.010084 0.058896 0.088382 0.039934 0.001054 0.002285 0.002904 0.001314 0.000102 0.000000 0.000000 0.000000 0.000002 0.000003 0.000002 0.000000 0.000159 0.010483 0.021080 0.011347 0.001007 0.011194 0.050594 0.069271
n03767203_4689.JPEG 0.154319 0.077160 0.000000 0.006301 0.012856 0.006809 0.000254 0.000000 0.000000 0.000000 0.000000 0.000000 0.000000 0.000000 0.000000 0.001296 0.002593 0.001296 0.000000 0.013196 0.068873 0.098286 0.042737 0.000128 0.004591 0.009362 0.004952 0.000181 0.000000 0.000000 0.000000 0.000000 0.000000 0.000000 0.000000 0.000086 0.003164 0.006081 0.003017 0.000013 0.015902 0.064288 0.080994 0.032731 0.000123 0.001508 0.003061 0.001598 0.000045 0.000000 0.000000 0.000000 0.000000 0.000000 0.000000 0.000000 0.000039 0.003831 0.007587 0.003837 0.000042 0.019788 0.102146 0.144928
n03877845_2028.JPEG 0.087544 0.054095 0.006882 0.001601 0.004094 0.003387 0.000896 0.000002 0.000000 0.000000 0.000000 0.000000 0.000000 0.000000 0.000000 0.005811 0.012603 0.007800 0.001033 0.008940 0.035836 0.068496 0.065141 0.023630 0.000844 0.010612 0.019068 0.009363 0.000126 0.000000 0.000000 0.000037 0.000074 0.000037 0.000000 0.030936 0.065804 0.039637 0.005608 0.001686 0.007093 0.036741 0.074413 0.062737 0.018832 0.000769 0.001754 0.001256 0.000257 0.000000 0.000000 0.003856 0.007840 0.004112 0.000128 0.007580 0.018128 0.020309 0.019187 0.012572 0.006240 0.015297 0.047766 0.061505
n03877845_4263.JPEG 0.145756 0.073596 0.000479 0.000142 0.000720 0.028666 0.055737 0.027650 0.000000 0.000043 0.000086 0.000043 0.000000 0.000000 0.000000 0.035114 0.070685 0.036028 0.000457 0.013751 0.049260 0.075598 0.058425 0.018339 0.000097 0.026834 0.054744 0.029358 0.001355 0.000000 0.000002 0.000369 0.000737 0.000373 0.000004 0.004853 0.019754 0.025429 0.011011 0.001568 0.005875 0.015965 0.019972 0.010119 0.001323 0.000059 0.000622 0.001066 0.000504 0.000000 0.000000 0.001208 0.002600 0.001577 0.000185 0.002581 0.008051 0.010067 0.006429 0.002158 0.001909 0.007353 0.016417 0.016900
n04515003_15899.JPEG 0.148160 0.079869 0.003929 0.001900 0.006523 0.007772 0.003366 0.000269 0.000001 0.000016 0.000030 0.000019 0.000003 0.000000 0.000000 0.008715 0.018563 0.010986 0.001151 0.011156 0.092422 0.172080 0.111476 0.020723 0.000354 0.020258 0.039761 0.019947 0.000137 0.000001 0.000013 0.000233 0.000456 0.000258 0.000023 0.009576 0.025080 0.021573 0.006212 0.002694 0.006493 0.018686 0.031570 0.020317 0.003649 0.000401 0.001681 0.002941 0.001705 0.000252 0.000049 0.000069 0.000142 0.000085 0.000019 0.000161 0.000358 0.006756 0.013183 0.006764 0.000246 0.002326 0.014322 0.022118
n04515003_4279.JPEG 0.054671 0.027363 0.000021 0.000124 0.000264 0.000165 0.000023 0.000000 0.000000 0.000000 0.000000 0.000000 0.000000 0.000000 0.000000 0.027551 0.055169 0.027691 0.000083 0.004787 0.011003 0.007703 0.001507 0.000032 0.000140 0.000285 0.000156 0.000009 0.000000 0.000000 0.000000 0.097634 0.195291 0.097682 0.000028 0.011005 0.028265 0.023570 0.006381 0.000161 0.012303 0.029053 0.021551 0.004744 0.000030 0.000381 0.000799 0.014419 0.027967 0.013968 0.000002 0.022424 0.046249 0.025247 0.001443 0.000443 0.010764 0.026352 0.022162 0.006214 0.000834 0.004668 0.013378 0.015838
n04583620_2611.JPEG 0.006626 0.003797 0.000323 0.000000 0.000000 0.000000 0.000000 0.000000 0.000000 0.000000 0.000000 0.000000 0.000000 0.000000 0.000000 0.004204 0.012002 0.011392 0.003594 0.000271 0.076299 0.153365 0.078915 0.001579 0.000621 0.001800 0.001737 0.000558 0.000000 0.000000 0.000000 0.003452 0.007374 0.004392 0.000470 0.000106 0.008331 0.017677 0.010784 0.001333 0.012664 0.065039 0.092243 0.040027 0.000158 0.000023 0.000052 0.002207 0.006551 0.006576 0.002203 0.000075 0.004028 0.008020 0.004254 0.000190 0.000240 0.024244 0.048625 0.025466 0.000847 0.003154 0.083858 0.158255
n04583620_5027.JPEG 0.002049 0.004044 0.002013 0.000000 0.005313 0.011315 0.006691 0.000689 0.000000 0.000000 0.000000 0.000000 0.000000 0.000000 0.000000 0.000000 0.000000 0.000000 0.000000 0.000000 0.001254 0.017994 0.032226 0.015486 0.000000 0.023283 0.121421 0.172992 0.074854 0.000000 0.000000 0.000000 0.000000 0.000000 0.000000 0.000000 0.000000 0.000001 0.000000 0.000000 0.000000 0.006331 0.036596 0.054202 0.023936 0.000000 0.063449 0.126897 0.063449 0.000000 0.000000 0.000000 0.000000 0.000000 0.000000 0.000000 0.000000 0.000001 0.000002 0.000001 0.000000 0.000000 0.044502 0.089004
n07897438_2936.JPEG 0.342393 0.171382 0.000124 0.000115 0.000294 0.000243 0.000064 0.000000 0.000000 0.000000 0.000000 0.000000 0.000000 0.000000 0.000000 0.002226 0.004453 0.002228 0.000001 0.002303 0.015484 0.024122 0.011002 0.000061 0.000033 0.000091 0.000085 0.000026 0.000000 0.000000 0.000000 0.000044 0.000088 0.000044 0.000000 0.000190 0.000911 0.001254 0.000534 0.000001 0.002126 0.016119 0.026236 0.012619 0.000376 0.000071 0.000261 0.000309 0.000119 0.000000 0.000000 0.000000 0.000022 0.000044 0.000022 0.000000 0.000010 0.002167 0.004342 0.002222 0.000037 0.028729 0.136854 0.187522
n07897438_611.JPEG 0.034550 0.017285 0.000007 0.000289 0.000633 0.000403 0.000071 0.000018 0.000007 0.000000 0.000002 0.000003 0.000002 0.000000 0.000000 0.008580 0.017160 0.008580 0.000000 0.012455 0.062052 0.090404 0.044472 0.003679 0.000716 0.011928 0.021783 0.010576 0.000020 0.000000 0.000000 0.000007 0.000015 0.000010 0.000002 0.000435 0.002756 0.004211 0.001891 0.001173 0.013749 0.112441 0.227072 0.165959 0.038783 0.000131 0.003657 0.007053 0.003502 0.000008 0.000002 0.000012 0.000076 0.000122 0.000063 0.000015 0.000372 0.000973 0.000959 0.000435 0.000641 0.004712 0.025004 0.038087
n10247358_53457.JPEG 0.033138 0.018582 0.001342 0.000000 0.000355 0.000709 0.000355 0.000000 0.000000 0.000000 0.000000 0.000000 0.000000 0.000000 0.000000 0.000000 0.000049 0.000099 0.000049 0.000000 0.056244 0.128163 0.087595 0.015676 0.000000 0.003664 0.007328 0.003664 0.000000 0.000000 0.000000 0.000000 0.000000 0.000000 0.000000 0.000000 0.000000 0.000095 0.000190 0.000095 0.000000 0.136599 0.275743 0.141689 0.002545 0.000000 0.000813 0.001627 0.000813 0.000000 0.000000 0.000000 0.000000 0.000000 0.000000 0.000000 0.000000 0.000000 0.000024 0.000048 0.000024 0.000000 0.027561 0.055122
n10247358_7062.JPEG 0.111447 0.064494 0.005972 0.001380 0.003932 0.006472 0.006454 0.002795 0.000167 0.000005 0.000012 0.000015 0.000007 0.000000 0.000000 0.014636 0.030146 0.016388 0.000883 0.007807 0.026661 0.031098 0.013460 0.001270 0.005769 0.011901 0.006726 0.000616 0.000107 0.000165 0.000223 0.003782 0.007583 0.004106 0.000217 0.009106 0.036007 0.049051 0.026923 0.005228 0.004662 0.015261 0.019647 0.010348 0.001849 0.007880 0.019689 0.016657 0.005448 0.000883 0.000193 0.000346 0.008535 0.016626 0.009040 0.000697 0.005428 0.024694 0.034199 0.015634 0.000827 0.004993 0.092757 0.170692
n11669921_3375.JPEG 0.119706 0.062836 0.001988 0.031326 0.118157 0.142345 0.055523 0.000009 0.000000 0.000000 0.000000 0.000000 0.000000 0.000000 0.000000 0.002449 0.005868 0.004388 0.000969 0.003346 0.029415 0.049410 0.023956 0.000815 0.006929 0.017882 0.015784 0.004640 0.000009 0.000000 0.000000 0.014721 0.035528 0.026892 0.006085 0.000567 0.005248 0.011768 0.010059 0.005432 0.010007 0.023131 0.027119 0.012572 0.001049 0.001213 0.004434 0.005410 0.002674 0.000862 0.000365 0.000042 0.002202 0.004923 0.003406 0.001905 0.003730 0.006119 0.008503 0.007698 0.003920 0.004044 0.019629 0.030992
n11669921_8695.JPEG 0.074027 0.038331 0.000878 0.028785 0.066840 0.049080 0.013614 0.003460 0.001090 0.000438 0.000323 0.000171 0.000067 0.000000 0.000000 0.004068 0.014516 0.017288 0.007301 0.011094 0.043654 0.058436 0.028563 0.004646 0.011031 0.022527 0.098988 0.167146 0.081169 0.000035 0.000019 0.000005 0.000956 0.003380 0.003911 0.001518 0.002492 0.015410 0.024084 0.011880 0.002603 0.004593 0.011715 0.016918 0.008063 0.000334 0.005666 0.010814 0.005362 0.000109 0.000222 0.000122 0.000011 0.002147 0.005632 0.004854 0.001414 0.000157 0.000293 0.000288 0.000111 0.000026 0.002460 0.004868
