20
n01613177_110.JPEG 0.002770 0.045127 0.000002 0.000000 0.000014 0.018905 0.001754 0.000002 0.000000 0.000000 0.000150 0.000042 0.000000 0.000000 0.000000 0.000000 0.000155 0.000176 0.000000 0.000000 0.000136 0.019583 0.002638 0.000002 0.000000 0.000167 0.002955 0.003530 0.000000 0.000000 0.000000 0.000014 0.000000 0.000000 0.000000 0.000000 0.000061 0.000969 0.000005 0.000000 0.000005 0.003515 0.005063 0.767298 0.000000 0.000000 0.000014 0.123056 0.000000 0.000000 0.000000 0.000000 0.000068 0.000091 0.000000 0.000000 0.000021 0.000488 0.000495 0.000000 0.000000 0.000012 0.000361 0.000356
n01613177_69.JPEG 0.093673 0.000186 0.000000 0.000000 0.047814 0.000892 0.000000 0.000000 0.028084 0.001244 0.000000 0.000000 0.000178 0.000178 0.000000 0.000000 0.003199 0.000000 0.000000 0.000000 0.061145 0.015645 0.000178 0.000000 0.220761 0.092961 0.000712 0.000001 0.045325 0.035549 0.002666 0.000000 0.000000 0.000000 0.000000 0.000000 0.004444 0.006044 0.000000 0.000000 0.027906 0.089229 0.013154 0.000136 0.024351 0.077853 0.035549 0.000733 0.000000 0.000000 0.000000 0.000000 0.001244 0.000000 0.000000 0.000000 0.003910 0.009954 0.002489 0.000000 0.001244 0.007643 0.029328 0.014398
n01923025_2332.JPEG 0.084956 0.001982 0.000000 0.000000 0.000411 0.000342 0.000000 0.000000 0.000000 0.000000 0.000000 0.000000 0.000000 0.000000 0.000000 0.000000 0.021098 0.003007 0.000000 0.000000 0.030016 0.062781 0.000308 0.000000 0.000004 0.000155 0.000051 0.000000 0.000001 0.000001 0.000000 0.000000 0.000051 0.000000 0.000000 0.000000 0.000854 0.009669 0.000803 0.000000 0.000923 0.007330 0.046996 0.003246 0.000000 0.000001 0.000103 0.000666 0.000000 0.000000 0.000000 0.000000 0.000000 0.000000 0.000000 0.000000 0.000000 0.000000 0.001965 0.001640 0.000000 0.000000 0.000359 0.720280
n01923025_5034.JPEG 0.056869 0.000000 0.000000 0.000000 0.002085 0.000000 0.000000 0.000000 0.000000 0.000000 0.000000 0.000000 0.000000 0.000000 0.000000 0.000000 0.057248 0.000000 0.000000 0.000000 0.129765 0.000150 0.000000 0.000000 0.000725 0.000053 0.000011 0.000000 0.000000 0.000000 0.000000 0.000000 0.004944 0.000000 0.000000 0.000000 0.171967 0.000325 0.000000 0.000000 0.154922 0.001707 0.000331 0.000005 0.000016 0.000011 0.000027 0.000005 0.000005 0.000000 0.000000 0.000000 0.005275 0.000016 0.000000 0.000000 0.238201 0.002523 0.000437 0.000000 0.168004 0.002480 0.001019 0.000873
n02278980_1260.JPEG 0.260502 0.023152 0.017075 0.000090 0.000115 0.000040 0.000010 0.000002 0.000000 0.000000 0.000000 0.000000 0.000000 0.000000 0.000000 0.000000 0.080681 0.004325 0.001196 0.000021 0.084804 0.053869 0.001765 0.000092 0.000000 0.000087 0.000006 0.000000 0.000000 0.000000 0.000000 0.000000 0.000623 0.000000 0.000000 0.000000 0.013067 0.066569 0.000490 0.000046 0.000511 0.174360 0.159491 0.000498 0.000000 0.000000 0.000010 0.000004 0.000000 0.000000 0.000000 0.000000 0.001038 0.000019 0.000000 0.000000 0.000363 0.002650 0.018954 0.000250 0.000000 0.000025 0.007031 0.026171
n02278980_3608.JPEG 0.303527 0.022665 0.000000 0.000000 0.032513 0.058250 0.000006 0.000000 0.000006 0.033329 0.001184 0.000000 0.000000 0.000000 0.000000 0.000000 0.014187 0.015090 0.001364 0.000000 0.032962 0.027271 0.005947 0.000000 0.000303 0.058332 0.048495 0.000000 0.000000 0.000012 0.000845 0.000000 0.000035 0.000000 0.000000 0.000000 0.005073 0.001703 0.001143 0.000000 0.002157 0.016975 0.022047 0.000886 0.000000 0.000006 0.112052 0.002577 0.000000 0.000000 0.000000 0.000000 0.000700 0.000000 0.000000 0.000000 0.000087 0.000181 0.000927 0.000606 0.000000 0.000000 0.007364 0.169189
n03767203_202.JPEG 0.319234 0.009628 0.000000 0.000000 0.019544 0.009009 0.000000 0.000000 0.000000 0.000000 0.000000 0.000000 0.000000 0.000000 0.000000 0.000000 0.016507 0.004535 0.000000 0.000000 0.030304 0.162078 0.022845 0.000000 0.001690 0.008203 0.002434 0.000000 0.000000 0.000000 0.000000 0.000000 0.000000 0.000000 0.000000 0.000000 0.000051 0.019949 0.007820 0.000000 0.000349 0.035358 0.139515 0.001617 0.000034 0.002084 0.003967 0.000366 0.000000 0.000000 0.000000 0.000000 0.000000 0.000006 0.000000 0.000000 0.000000 0.000569 0.036343 0.002113 0.000000 0.001487 0.037048 0.105313
n03767203_4689.JPEG 0.270800 0.000000 0.000000 0.000000 0.022114 0.000892 0.000000 0.000000 0.000000 0.000000 0.000000 0.000000 0.000000 0.000000 0.000000 0.000000 0.004550 0.000000 0.000000 0.000000 0.046314 0.149090 0.000451 0.000000 0.000000 0.016112 0.000634 0.000000 0.000000 0.000000 0.000000 0.000000 0.000000 0.000000 0.000000 0.000000 0.000303 0.010496 0.000046 0.000000 0.000000 0.055809 0.114008 0.000432 0.000000 0.000000 0.005294 0.000156 0.000000 0.000000 0.000000 0.000000 0.000000 0.000000 0.000000 0.000000 0.000000 0.000138 0.013171 0.000147 0.000000 0.000000 0.069448 0.219595
n03877845_2028.JPEG 0.151297 0.025818 0.000000 0.000000 0.006006 0.003346 0.000008 0.000000 0.000000 0.000000 0.000000 0.000000 0.000000 0.000000 0.000000 0.000000 0.021798 0.003683 0.000097 0.000000 0.033441 0.067555 0.088406 0.000004 0.000231 0.002698 0.034181 0.000471 0.000000 0.000000 0.000000 0.000000 0.000139 0.000000 0.000000 0.000000 0.116054 0.014748 0.003144 0.000000 0.003182 0.020245 0.094155 0.070597 0.000000 0.000051 0.002782 0.000964 0.000000 0.000000 0.000000 0.000000 0.014466 0.000480 0.000000 0.000000 0.028436 0.011133 0.025485 0.009874 0.001928 0.009681 0.036097 0.097317
n03877845_4263.JPEG 0.269308 0.001774 0.000000 0.000000 0.000525 0.001621 0.102511 0.000000 0.000000 0.000000 0.000159 0.000000 0.000000 0.000000 0.000000 0.000000 0.130185 0.001694 0.000000 0.000000 0.050983 0.080664 0.067967 0.000013 0.000000 0.000346 0.098797 0.005023 0.000000 0.000000 0.000000 0.000007 0.001355 0.000013 0.000000 0.000000 0.017994 0.037249 0.001787 0.000000 0.004027 0.013728 0.027708 0.004904 0.000000 0.000000 0.000219 0.001867 0.000000 0.000000 0.000000 0.000000 0.004478 0.000684 0.000000 0.000000 0.009568 0.010711 0.006332 0.000459 0.000751 0.005116 0.016279 0.023190
n04515003_15899.JPEG 0.266750 0.014138 0.000191 0.000000 0.006830 0.010452 0.000995 0.000000 0.000000 0.000005 0.000048 0.000011 0.000000 0.000000 0.000000 0.000000 0.032213 0.004186 0.000021 0.000027 0.041160 0.259270 0.076351 0.000069 0.000106 0.001027 0.072718 0.000505 0.000000 0.000000 0.000005 0.000037 0.000782 0.000085 0.000000 0.000000 0.035394 0.021915 0.000516 0.000016 0.009410 0.005165 0.049330 0.012867 0.000032 0.000559 0.000335 0.004984 0.000569 0.000181 0.000000 0.000000 0.000255 0.000016 0.000027 0.000000 0.000569 0.000186 0.024032 0.000479 0.000011 0.000410 0.007766 0.036995
n04515003_4279.JPEG 0.105744 0.000071 0.000000 0.000009 0.000462 0.000089 0.000000 0.000000 0.000000 0.000000 0.000000 0.000000 0.000000 0.000000 0.000000 0.000000 0.106613 0.000258 0.000027 0.000009 0.018480 0.005611 0.000107 0.000009 0.000000 0.000533 0.000036 0.000000 0.000000 0.000000 0.000000 0.000000 0.377810 0.000089 0.000009 0.000000 0.042578 0.024222 0.000187 0.000098 0.000240 0.047031 0.018125 0.000116 0.000000 0.000000 0.001476 0.000142 0.054035 0.000009 0.000000 0.000000 0.086773 0.005422 0.000080 0.000000 0.001636 0.038382 0.023573 0.000231 0.000009 0.002978 0.012098 0.024596
n04583620_2611.JPEG 0.011665 0.001196 0.000000 0.000000 0.000000 0.000000 0.000000 0.000000 0.000000 0.000000 0.000000 0.000000 0.000000 0.000000 0.000000 0.000000 0.015561 0.013303 0.000000 0.000000 0.001003 0.280399 0.005844 0.000000 0.000000 0.002299 0.002065 0.000000 0.000000 0.000000 0.000000 0.000000 0.012779 0.001739 0.000000 0.000000 0.000393 0.030050 0.004933 0.000000 0.000000 0.046873 0.146981 0.000585 0.000000 0.000000 0.000084 0.000025 0.008036 0.008152 0.000000 0.000000 0.000277 0.014356 0.000694 0.000000 0.000008 0.000870 0.087984 0.003135 0.000000 0.000000 0.011672 0.287038
n04583620_5027.JPEG 0.000070 0.007708 0.000000 0.000000 0.000000 0.020346 0.002639 0.000000 0.000000 0.000000 0.000000 0.000000 0.000000 0.000000 0.000000 0.000000 0.000001 0.000001 0.000000 0.000000 0.000000 0.004811 0.059302 0.000000 0.000000 0.000000 0.089161 0.286647 0.000000 0.000000 0.000000 0.000000 0.000001 0.000000 0.000000 0.000000 0.000000 0.000002 0.000000 0.000000 0.000000 0.000003 0.024245 0.091660 0.000000 0.000000 0.000000 0.242969 0.000001 0.000001 0.000000 0.000000 0.000000 0.000001 0.000000 0.000000 0.000000 0.000000 0.000006 0.000000 0.000000 0.000000 0.000001 0.170425
n07897438_2936.JPEG 0.547397 0.000395 0.000000 0.000000 0.000368 0.000205 0.000000 0.000000 0.000000 0.000000 0.000000 0.000000 0.000000 0.000000 0.000000 0.000000 0.007120 0.000003 0.000000 0.000000 0.007365 0.034798 0.000196 0.000000 0.000000 0.000104 0.000083 0.000001 0.000000 0.000000 0.000000 0.000000 0.000141 0.000000 0.000000 0.000000 0.000607 0.001700 0.000003 0.000000 0.000000 0.006801 0.037956 0.001204 0.000000 0.000000 0.000227 0.000381 0.000000 0.000000 0.000000 0.000000 0.000000 0.000070 0.000000 0.000000 0.000000 0.000031 0.006869 0.000119 0.000000 0.000000 0.091893 0.253961
n07897438_611.JPEG 0.066783 0.000026 0.000000 0.000000 0.001118 0.000211 0.000019 0.000026 0.000000 0.000000 0.000000 0.000006 0.000000 0.000000 0.000000 0.000000 0.033176 0.000000 0.000000 0.000000 0.048159 0.143610 0.014172 0.000000 0.000051 0.002665 0.040741 0.000077 0.000000 0.000000 0.000000 0.000000 0.000026 0.000006 0.000000 0.000000 0.001681 0.007297 0.000006 0.000000 0.004530 0.044102 0.342024 0.149833 0.000000 0.000121 0.000262 0.013495 0.000019 0.000006 0.000000 0.000000 0.000045 0.000204 0.000019 0.000000 0.000038 0.001361 0.001003 0.000339 0.000000 0.002141 0.013937 0.066666
n10247358_53457.JPEG 0.060945 0.005143 0.000000 0.000000 0.000000 0.001359 0.000000 0.000000 0.000000 0.000000 0.000000 0.000000 0.000000 0.000000 0.000000 0.000000 0.000000 0.000189 0.000000 0.000000 0.000000 0.215604 0.060092 0.000000 0.000000 0.000000 0.014045 0.000000 0.000000 0.000000 0.000000 0.000000 0.000000 0.000000 0.000000 0.000000 0.000000 0.000000 0.000364 0.000000 0.000000 0.000000 0.523638 0.009757 0.000000 0.000000 0.000000 0.003118 0.000000 0.000000 0.000000 0.000000 0.000000 0.000000 0.000000 0.000000 0.000000 0.000000 0.000000 0.000092 0.000000 0.000000 0.000000 0.105653
n10247358_7062.JPEG 0.186071 0.020372 0.000330 0.000000 0.004529 0.004793 0.008679 0.000583 0.000000 0.000006 0.000006 0.000024 0.000000 0.000000 0.000000 0.000000 0.051549 0.003075 0.000018 0.000000 0.027477 0.038944 0.004162 0.000138 0.000036 0.020108 0.001664 0.000252 0.000000 0.000126 0.000330 0.000000 0.012991 0.000727 0.000018 0.000000 0.032054 0.062708 0.015285 0.001544 0.000042 0.014793 0.024123 0.006162 0.000000 0.000348 0.027057 0.014883 0.001844 0.000619 0.000030 0.000000 0.001189 0.027682 0.002006 0.000144 0.000162 0.018649 0.049513 0.002775 0.000000 0.000138 0.017309 0.291933
n11669921_3375.JPEG 0.219379 0.007411 0.000000 0.000000 0.116759 0.206877 0.000035 0.000000 0.000000 0.000000 0.000000 0.000000 0.000000 0.000000 0.000000 0.000000 0.009129 0.003613 0.000000 0.000000 0.012470 0.084696 0.002296 0.000000 0.000742 0.024340 0.017228 0.000033 0.000000 0.000000 0.000000 0.000000 0.054869 0.022681 0.000000 0.000000 0.002112 0.015337 0.011077 0.000000 0.009170 0.018958 0.039127 0.003865 0.000000 0.000046 0.004429 0.007622 0.000492 0.001361 0.000000 0.000000 0.000155 0.007898 0.002399 0.000000 0.004701 0.004501 0.009105 0.008983 0.001619 0.002388 0.008677 0.053418
n11669921_8695.JPEG 0.140806 0.003382 0.000000 0.000000 0.110817 0.035689 0.006757 0.003211 0.000143 0.000700 0.000142 0.000259 0.000000 0.000000 0.000000 0.000000 0.015662 0.024561 0.001773 0.000000 0.040938 0.086184 0.011663 0.000454 0.005315 0.031384 0.018642 0.312421 0.000000 0.000066 0.000003 0.000000 0.000016 0.003648 0.005702 0.000007 0.000126 0.009332 0.040536 0.002314 0.000570 0.006564 0.003982 0.030574 0.000001 0.000464 0.000355 0.020638 0.000000 0.000006 0.000409 0.000030 0.000000 0.000011 0.008244 0.005183 0.000077 0.000107 0.000315 0.000393 0.000006 0.000022 0.000051 0.009345
