20
n01613177_110.JPEG 0.258188 0.258188 0.258188 0.258188 0.258188 0.258188 0.258188 0.258188 0.224829 0.258188 0.229324 0.199119 0.241039 0.258188 0.258188 0.256598
n01613177_69.JPEG 0.251217 0.251217 0.251217 0.251217 0.251217 0.251217 0.246047 0.251217 0.251217 0.251217 0.251217 0.251217 0.251217 0.251217 0.236481 0.251217
n01923025_2332.JPEG 0.229029 0.229461 0.217456 0.240277 0.256559 0.256559 0.256559 0.256559 0.256559 0.256559 0.256559 0.256559 0.256559 0.256559 0.256559 0.256559
n01923025_5034.JPEG 0.196009 0.255477 0.255477 0.218680 0.255477 0.255477 0.255477 0.255477 0.255477 0.255477 0.255477 0.255477 0.255477 0.255477 0.255477 0.255477
n02278980_1260.JPEG 0.228656 0.257938 0.257938 0.257938 0.257938 0.257938 0.257938 0.257938 0.202109 0.257938 0.257938 0.204826 0.257938 0.257938 0.257938 0.257938
n02278980_3608.JPEG 0.212828 0.250180 0.253918 0.253918 0.253918 0.253918 0.253918 0.253918 0.245037 0.241622 0.253918 0.253918 0.253918 0.253918 0.253918 0.253918
n03767203_202.JPEG 0.254081 0.254081 0.254081 0.235883 0.227891 0.254081 0.254081 0.230605 0.254081 0.254081 0.254081 0.254081 0.254081 0.254081 0.254081 0.254081
n03767203_4689.JPEG 0.223487 0.270405 0.270405 0.246331 0.207142 0.270405 0.270405 0.229248 0.248166 0.270405 0.270405 0.270405 0.191284 0.270405 0.270405 0.194080
n03877845_2028.JPEG 0.250000 0.250000 0.250000 0.250000 0.250000 0.250000 0.250000 0.250000 0.250000 0.250000 0.250000 0.250000 0.250000 0.250000 0.250000 0.250000
n03877845_4263.JPEG 0.254818 0.254818 0.254818 0.254818 0.254818 0.254818 0.209136 0.254818 0.254818 0.254818 0.254818 0.217286 0.254818 0.254818 0.254818 0.254818
n04515003_15899.JPEG 0.250000 0.250000 0.250000 0.250000 0.250000 0.250000 0.250000 0.250000 0.250000 0.250000 0.250000 0.250000 0.250000 0.250000 0.250000 0.250000
n04515003_4279.JPEG 0.162994 0.303200 0.303200 0.159541 0.205026 0.303200 0.303200 0.199202 0.170102 0.303200 0.303200 0.173867 0.188546 0.303200 0.303200 0.190012
n04583620_2611.JPEG 0.163662 0.312508 0.312508 0.143858 0.175914 0.312508 0.312508 0.156395 0.161064 0.312508 0.312508 0.132695 0.222338 0.312508 0.312508 0.151127
n04583620_5027.JPEG 0.133795 0.292666 0.292666 0.105400 0.234865 0.292666 0.292666 0.292666 0.097763 0.234136 0.292666 0.161024 0.233752 0.292666 0.292666 0.292666
n07897438_2936.JPEG 0.250936 0.250936 0.250936 0.250936 0.250936 0.250936 0.250936 0.250936 0.250936 0.240803 0.245865 0.250936 0.250936 0.250936 0.250936 0.250936
n07897438_611.JPEG 0.280340 0.172856 0.156582 0.280340 0.280340 0.280340 0.280340 0.280340 0.280340 0.141181 0.115755 0.243169 0.280340 0.275667 0.264256 0.280340
n10247358_53457.JPEG 0.256200 0.229125 0.194451 0.256200 0.256200 0.256200 0.237469 0.256200 0.256200 0.256200 0.256200 0.256200 0.256200 0.256200 0.256200 0.256200
n10247358_7062.JPEG 0.252925 0.252925 0.252925 0.252925 0.252925 0.240271 0.216036 0.252925 0.252925 0.252925 0.252925 0.252925 0.252925 0.252925 0.252925 0.252925
n11669921_3375.JPEG 0.250412 0.250412 0.250412 0.250412 0.243733 0.250412 0.250412 0.250412 0.250412 0.250412 0.250412 0.250412 0.250412 0.250412 0.250412 0.250412
n11669921_8695.JPEG 0.199832 0.147257 0.132929 0.185061 0.309237 0.309237 0.309237 0.309237 0.205356 0.159495 0.139514 0.185394 0.309237 0.309237 0.309237 0.309237
