20
n01613177_110.JPEG 0.088688 0.214546 0.086654 0.295498 0.257928 0.460501 0.278846 0.284743 0.536704 0.354689
n01613177_69.JPEG 0.338425 0.322536 0.169261 0.192710 0.264430 0.230327 0.169751 0.307570 0.373278 0.574393
n01923025_2332.JPEG 0.037115 0.065486 0.041308 0.148636 0.344932 0.466729 0.093814 0.092680 0.780715 0.082552
n01923025_5034.JPEG 0.120783 0.163249 0.144004 0.354640 0.605299 0.438624 0.237318 0.202631 0.234479 0.317988
n02278980_1260.JPEG 0.225771 0.258015 0.190020 0.313039 0.433901 0.344412 0.234077 0.262371 0.354252 0.438565
n02278980_3608.JPEG 0.223935 0.263008 0.199914 0.311423 0.394689 0.300346 0.235046 0.279736 0.342034 0.497249
n03767203_202.JPEG 0.308061 0.315881 0.147366 0.197934 0.294764 0.207437 0.160536 0.317375 0.368142 0.593700
n03767203_4689.JPEG 0.070227 0.208905 0.111841 0.270397 0.621356 0.509851 0.174270 0.205401 0.324776 0.204288
n03877845_2028.JPEG 0.221611 0.279654 0.160334 0.287689 0.406294 0.372322 0.234572 0.289737 0.326665 0.463499
n03877845_4263.JPEG 0.239834 0.298926 0.082089 0.194574 0.303193 0.320900 0.124512 0.331668 0.512378 0.474958
n04515003_15899.JPEG 0.277251 0.295855 0.144848 0.218763 0.360791 0.228904 0.169421 0.310087 0.380651 0.560754
n04515003_4279.JPEG 0.320620 0.300428 0.113377 0.194698 0.226757 0.224193 0.120160 0.303179 0.403000 0.621078
n04583620_2611.JPEG 0.125483 0.261352 0.115896 0.275838 0.514786 0.431346 0.199914 0.283853 0.365024 0.348692
n04583620_5027.JPEG 0.179559 0.229184 0.087389 0.216111 0.330453 0.499034 0.175093 0.271466 0.479859 0.409930
n07897438_2936.JPEG 0.098206 0.189503 0.071049 0.253377 0.421651 0.543515 0.190795 0.248518 0.464476 0.313204
n07897438_611.JPEG 0.123308 0.225465 0.097552 0.278139 0.439901 0.448548 0.246416 0.276259 0.398986 0.395152
n10247358_53457.JPEG 0.204768 0.267010 0.150982 0.255592 0.387832 0.285900 0.234476 0.289528 0.383244 0.529924
n10247358_7062.JPEG 0.209834 0.234547 0.132844 0.261587 0.410178 0.343852 0.176529 0.260298 0.489311 0.435958
n11669921_3375.JPEG 0.100067 0.160885 0.157486 0.389608 0.647301 0.432979 0.232554 0.173146 0.179447 0.254509
n11669921_8695.JPEG 0.180585 0.215592 0.131130 0.263604 0.301083 0.424250 0.203403 0.267685 0.545057 0.391755
