20
n01613177_110.JPEG 0.095300 0.222184 0.093452 0.306913 0.308825 0.455936 0.277209 0.287544 0.492869 0.364591 0.098251 0.231550 0.092825 0.297969 0.268577 0.447987 0.296190 0.290471 0.493533 0.388365 0.070100 0.189683 0.067454 0.282605 0.208707 0.478510 0.260487 0.273552 0.602272 0.311037 0.082161 0.207601 0.084000 0.290563 0.242129 0.459986 0.278356 0.282172 0.561199 0.341186
n01613177_69.JPEG 0.336145 0.342384 0.172634 0.193858 0.301306 0.226945 0.168156 0.298132 0.366901 0.555276 0.340792 0.314343 0.155337 0.182419 0.271047 0.227981 0.173252 0.321866 0.376661 0.571589 0.339192 0.340674 0.172719 0.178042 0.256867 0.241664 0.187743 0.305540 0.348764 0.576835 0.349654 0.297621 0.165563 0.192887 0.226103 0.218761 0.147113 0.306570 0.392345 0.596663
n01923025_2332.JPEG 0.020387 0.042985 0.021256 0.094601 0.227387 0.357534 0.066479 0.066794 0.892899 0.051484 0.047250 0.080678 0.059955 0.202794 0.409464 0.515662 0.125585 0.113395 0.688058 0.104478 0.045673 0.091832 0.064632 0.187026 0.478765 0.553391 0.113140 0.115066 0.614371 0.106651 0.040179 0.056113 0.028972 0.129596 0.272689 0.451717 0.082496 0.083896 0.823946 0.080395
n01923025_5034.JPEG 0.153419 0.208245 0.155648 0.325502 0.467311 0.415002 0.276793 0.251026 0.314082 0.417177 0.115123 0.164602 0.144243 0.357874 0.600833 0.435425 0.244449 0.206050 0.241333 0.315790 0.120656 0.161217 0.147537 0.357100 0.616102 0.439156 0.233863 0.197267 0.218715 0.310292 0.086367 0.113329 0.122153 0.363276 0.705709 0.448900 0.190969 0.149929 0.159752 0.220912
n02278980_1260.JPEG 0.171582 0.223598 0.184544 0.352612 0.562742 0.388160 0.227868 0.226037 0.255679 0.355580 0.282130 0.287108 0.190899 0.257932 0.328798 0.272784 0.217291 0.290658 0.387171 0.520463 0.160188 0.220629 0.183346 0.357877 0.504114 0.417310 0.253951 0.225954 0.318448 0.344582 0.273814 0.282744 0.189929 0.262729 0.313468 0.276878 0.222342 0.289445 0.423404 0.502567
n02278980_3608.JPEG 0.258515 0.281898 0.192738 0.275032 0.319099 0.248023 0.222267 0.295656 0.375787 0.547305 0.270606 0.277759 0.199029 0.275013 0.347518 0.266398 0.223541 0.288121 0.355977 0.531918 0.183238 0.248122 0.209315 0.347351 0.424121 0.330159 0.251098 0.267870 0.325179 0.459308 0.185491 0.239118 0.192442 0.337417 0.477826 0.341732 0.233815 0.260516 0.305875 0.443098
n03767203_202.JPEG 0.316330 0.318681 0.150854 0.188983 0.264015 0.195796 0.162706 0.322439 0.369298 0.604190 0.299536 0.318060 0.143684 0.207021 0.300955 0.213821 0.164584 0.314163 0.370833 0.588232 0.318506 0.311291 0.153568 0.191246 0.280283 0.193266 0.156949 0.317795 0.376347 0.598598 0.294995 0.316113 0.141226 0.205112 0.332392 0.230168 0.157785 0.316028 0.352779 0.581679
n03767203_4689.JPEG 0.087821 0.218368 0.135401 0.287614 0.606976 0.465640 0.204215 0.214260 0.352417 0.215635 0.073554 0.217004 0.114756 0.278739 0.600150 0.516908 0.174654 0.212464 0.318750 0.228068 0.073552 0.206665 0.118365 0.282213 0.656008 0.481842 0.177470 0.206354 0.292335 0.190182 0.051640 0.184985 0.091813 0.257090 0.613948 0.567248 0.152842 0.179410 0.313434 0.189991
n03877845_2028.JPEG 0.255085 0.276710 0.167659 0.266311 0.323481 0.336569 0.234995 0.290404 0.382852 0.505253 0.197280 0.282357 0.161844 0.308396 0.453710 0.386841 0.237272 0.281959 0.288339 0.430833 0.242003 0.271392 0.153242 0.268530 0.355619 0.369596 0.241709 0.294671 0.353954 0.488452 0.192566 0.284302 0.163056 0.304828 0.480726 0.381937 0.224320 0.284586 0.269995 0.425914
n03877845_4263.JPEG 0.274429 0.316620 0.076650 0.158747 0.327436 0.289306 0.110181 0.337449 0.471039 0.504542 0.266260 0.351421 0.105536 0.197523 0.380701 0.235874 0.127068 0.345032 0.368533 0.532800 0.131687 0.170706 0.048987 0.201214 0.185311 0.446735 0.117579 0.270652 0.709938 0.292626 0.273267 0.333637 0.094998 0.201780 0.297946 0.270038 0.133112 0.340419 0.420993 0.540129
n04515003_15899.JPEG 0.264986 0.277007 0.158116 0.247872 0.400755 0.256270 0.185474 0.296896 0.360066 0.536781 0.328923 0.291552 0.147445 0.193579 0.303538 0.198217 0.156523 0.303264 0.387826 0.591009 0.229605 0.285563 0.148722 0.248790 0.403057 0.268906 0.190644 0.305634 0.375414 0.525607 0.279804 0.325572 0.119052 0.179182 0.346296 0.189652 0.137974 0.330509 0.392319 0.575636
n04515003_4279.JPEG 0.300321 0.294887 0.106027 0.224473 0.267426 0.266950 0.120682 0.298585 0.390509 0.601852 0.326775 0.305900 0.119567 0.174025 0.206072 0.197940 0.126576 0.305928 0.412905 0.627146 0.314793 0.300652 0.110290 0.207232 0.236420 0.239519 0.115088 0.299466 0.395742 0.618550 0.336747 0.303834 0.115531 0.172567 0.197130 0.190372 0.118098 0.309189 0.406710 0.633324
n04583620_2611.JPEG 0.107799 0.225364 0.097092 0.265021 0.443028 0.466296 0.202571 0.261697 0.481452 0.320788 0.125081 0.286340 0.107458 0.258284 0.611214 0.386927 0.174897 0.293709 0.249373 0.348955 0.119646 0.234832 0.131391 0.301785 0.429054 0.458276 0.235273 0.270808 0.429439 0.339100 0.140629 0.289443 0.124441 0.270416 0.561731 0.404496 0.182621 0.295149 0.265227 0.371307
n04583620_5027.JPEG 0.101083 0.161641 0.045518 0.224883 0.301658 0.643835 0.155550 0.252520 0.488239 0.281334 0.223319 0.273661 0.109988 0.203655 0.280388 0.371951 0.188597 0.276776 0.514874 0.476897 0.107015 0.182748 0.060807 0.188379 0.376987 0.633817 0.151965 0.236400 0.443208 0.310984 0.279155 0.279589 0.126515 0.229902 0.309224 0.278970 0.190949 0.299491 0.436191 0.534022
n07897438_2936.JPEG 0.084305 0.173026 0.065228 0.265141 0.357038 0.558166 0.188413 0.258163 0.515432 0.285581 0.114739 0.209214 0.074718 0.237730 0.478723 0.518569 0.187537 0.241859 0.415025 0.342002 0.089564 0.177926 0.070512 0.266066 0.376641 0.547490 0.196741 0.252418 0.502074 0.297413 0.105503 0.198840 0.070923 0.236318 0.467333 0.535588 0.186011 0.239974 0.427361 0.329206
n07897438_611.JPEG 0.109150 0.207430 0.087909 0.274615 0.444830 0.478672 0.248051 0.258243 0.415447 0.366199 0.175266 0.258236 0.119348 0.269439 0.392370 0.387208 0.233268 0.294876 0.388987 0.468181 0.074482 0.185790 0.068534 0.281793 0.429240 0.510711 0.259880 0.267132 0.427093 0.330835 0.136129 0.242265 0.115507 0.285286 0.484449 0.414356 0.239395 0.276887 0.347650 0.408446
n10247358_53457.JPEG 0.221331 0.283633 0.150803 0.227117 0.304923 0.245359 0.236873 0.307189 0.404548 0.573523 0.189509 0.256837 0.153186 0.265485 0.406159 0.300859 0.236440 0.280283 0.385502 0.515380 0.214152 0.277629 0.149263 0.246118 0.389747 0.278963 0.229681 0.298848 0.372813 0.532383 0.191718 0.251558 0.149134 0.275093 0.430734 0.312094 0.235500 0.275240 0.367726 0.502665
n10247358_7062.JPEG 0.181443 0.188775 0.094801 0.202370 0.306508 0.311284 0.132711 0.217160 0.695331 0.377361 0.217681 0.259422 0.138349 0.272834 0.459106 0.352101 0.201032 0.287612 0.357599 0.453842 0.177675 0.198743 0.134189 0.296978 0.436483 0.397925 0.178577 0.228643 0.481972 0.396741 0.253546 0.277907 0.154616 0.262159 0.424346 0.300062 0.187130 0.295888 0.362498 0.491701
n11669921_3375.JPEG 0.100939 0.158438 0.155469 0.392996 0.642159 0.427673 0.228445 0.175244 0.204057 0.257454 0.099655 0.163394 0.154734 0.378541 0.640803 0.443693 0.242587 0.176630 0.180271 0.257098 0.096642 0.155944 0.155377 0.393279 0.663002 0.428756 0.226148 0.165668 0.160273 0.244645 0.102133 0.165001 0.162584 0.392083 0.640536 0.433831 0.233619 0.174850 0.178863 0.257960
n11669921_8695.JPEG 0.075251 0.124780 0.057065 0.220647 0.219315 0.463605 0.140031 0.205097 0.742246 0.226262 0.276916 0.290544 0.191236 0.260402 0.298889 0.303468 0.234952 0.304046 0.352146 0.530510 0.084436 0.138080 0.075198 0.271580 0.349674 0.537306 0.185806 0.221537 0.583547 0.243503 0.276682 0.286915 0.195672 0.261004 0.298503 0.305890 0.232036 0.302959 0.356495 0.528517
